serviceId,locationId,start_time,end_time
0,18,13:30:00 PM,15:30:00 PM
1,115,09:00:00 AM,13:00:00 PM
2,16,10:15:00 AM,12:15:00 PM
3,84,10:00:00 AM,14:00:00 PM
4,107,08:15:00 AM,10:15:00 AM
5,10,08:15:00 AM,12:15:00 PM
6,116,13:15:00 PM,17:15:00 PM
7,178,08:15:00 AM,10:15:00 AM
8,171,12:45:00 PM,16:45:00 PM
9,216,10:00:00 AM,12:00:00 PM
10,82,08:15:00 AM,10:15:00 AM
11,28,09:45:00 AM,11:45:00 AM
12,40,06:15:00 AM,08:15:00 AM
13,42,07:30:00 AM,11:30:00 AM
14,117,08:15:00 AM,10:15:00 AM
15,95,09:30:00 AM,13:30:00 PM
16,204,14:45:00 PM,16:45:00 PM
17,7,12:45:00 PM,14:45:00 PM
18,62,12:15:00 PM,14:15:00 PM
19,20,10:00:00 AM,12:00:00 PM
20,145,15:15:00 PM,17:15:00 PM
21,161,12:15:00 PM,14:15:00 PM
22,76,14:15:00 PM,16:15:00 PM
23,121,11:00:00 AM,13:00:00 PM
24,51,11:15:00 AM,15:15:00 PM
25,124,10:15:00 AM,14:15:00 PM
26,122,12:00:00 PM,16:00:00 PM
27,29,13:30:00 PM,15:30:00 PM
28,221,12:15:00 PM,14:15:00 PM
29,68,12:45:00 PM,14:45:00 PM
30,49,09:15:00 AM,13:15:00 PM
31,134,12:30:00 PM,14:30:00 PM
32,219,10:30:00 AM,12:30:00 PM
33,15,09:15:00 AM,11:15:00 AM
34,158,14:45:00 PM,16:45:00 PM
35,146,10:15:00 AM,14:15:00 PM
36,93,07:30:00 AM,09:30:00 AM
37,78,10:00:00 AM,16:00:00 PM
38,47,12:45:00 PM,16:45:00 PM
39,207,09:45:00 AM,13:45:00 PM
40,120,08:30:00 AM,10:30:00 AM
41,97,11:15:00 AM,13:15:00 PM
42,57,11:15:00 AM,15:15:00 PM
43,211,08:00:00 AM,14:00:00 PM
44,138,11:30:00 AM,13:30:00 PM
45,89,07:45:00 AM,13:45:00 PM
46,217,13:30:00 PM,15:30:00 PM
47,75,07:30:00 AM,09:30:00 AM
48,119,07:45:00 AM,13:45:00 PM
49,85,10:30:00 AM,12:30:00 PM
50,56,13:15:00 PM,15:15:00 PM
51,135,06:45:00 AM,12:45:00 PM
52,218,06:30:00 AM,12:30:00 PM
53,149,14:15:00 PM,16:15:00 PM
54,54,06:15:00 AM,08:15:00 AM
55,27,12:30:00 PM,16:30:00 PM
56,156,09:15:00 AM,11:15:00 AM
57,53,14:30:00 PM,16:30:00 PM
58,196,11:45:00 AM,13:45:00 PM
59,193,08:00:00 AM,12:00:00 PM
60,4,10:45:00 AM,14:45:00 PM
61,142,06:15:00 AM,12:15:00 PM
62,8,15:00:00 PM,17:00:00 PM
63,32,09:15:00 AM,11:15:00 AM
64,90,12:30:00 PM,14:30:00 PM
65,103,11:00:00 AM,17:00:00 PM
66,169,09:45:00 AM,15:45:00 PM
67,48,09:15:00 AM,15:15:00 PM
68,5,12:45:00 PM,16:45:00 PM
69,176,12:30:00 PM,16:30:00 PM
70,3,07:30:00 AM,11:30:00 AM
71,183,10:00:00 AM,14:00:00 PM
72,99,10:45:00 AM,12:45:00 PM
73,174,06:30:00 AM,10:30:00 AM
74,144,10:15:00 AM,14:15:00 PM
75,19,10:45:00 AM,16:45:00 PM
76,175,08:30:00 AM,10:30:00 AM
77,77,12:15:00 PM,14:15:00 PM
78,133,07:00:00 AM,11:00:00 AM
79,188,14:15:00 PM,16:15:00 PM
80,208,09:45:00 AM,11:45:00 AM
81,123,08:45:00 AM,12:45:00 PM
82,152,09:00:00 AM,11:00:00 AM
83,141,07:15:00 AM,09:15:00 AM
84,70,09:15:00 AM,15:15:00 PM
85,184,08:45:00 AM,10:45:00 AM
86,118,10:00:00 AM,16:00:00 PM
87,79,12:45:00 PM,16:45:00 PM
88,102,12:00:00 PM,16:00:00 PM
89,148,14:45:00 PM,16:45:00 PM
90,105,10:45:00 AM,14:45:00 PM
91,192,12:15:00 PM,16:15:00 PM
92,108,12:15:00 PM,16:15:00 PM
93,23,06:45:00 AM,08:45:00 AM
94,220,12:15:00 PM,16:15:00 PM
95,110,12:30:00 PM,14:30:00 PM
96,177,07:30:00 AM,13:30:00 PM
97,205,10:00:00 AM,12:00:00 PM
98,31,08:15:00 AM,14:15:00 PM
99,197,12:00:00 PM,16:00:00 PM
100,96,10:45:00 AM,14:45:00 PM
101,191,08:00:00 AM,12:00:00 PM
102,126,10:45:00 AM,14:45:00 PM
103,201,08:30:00 AM,14:30:00 PM
104,21,10:15:00 AM,14:15:00 PM
105,206,08:30:00 AM,10:30:00 AM
106,164,08:15:00 AM,10:15:00 AM
107,202,11:30:00 AM,15:30:00 PM
108,154,14:45:00 PM,16:45:00 PM
109,181,12:30:00 PM,14:30:00 PM
110,69,11:15:00 AM,17:15:00 PM
111,86,12:45:00 PM,14:45:00 PM
112,209,10:00:00 AM,12:00:00 PM
113,45,10:45:00 AM,14:45:00 PM
114,109,12:00:00 PM,16:00:00 PM
115,43,13:00:00 PM,17:00:00 PM
116,224,07:00:00 AM,13:00:00 PM
117,200,09:45:00 AM,15:45:00 PM
118,155,09:15:00 AM,13:15:00 PM
119,22,12:30:00 PM,16:30:00 PM
120,223,07:15:00 AM,13:15:00 PM
121,195,08:15:00 AM,14:15:00 PM
122,114,06:30:00 AM,08:30:00 AM
123,58,11:15:00 AM,13:15:00 PM
124,198,08:00:00 AM,12:00:00 PM
125,159,08:15:00 AM,14:15:00 PM
126,24,15:15:00 PM,17:15:00 PM
127,1,13:15:00 PM,15:15:00 PM
128,12,06:45:00 AM,10:45:00 AM
129,2,13:00:00 PM,15:00:00 PM
130,13,08:00:00 AM,12:00:00 PM
131,0,06:30:00 AM,12:30:00 PM
132,131,07:45:00 AM,11:45:00 AM
133,14,10:15:00 AM,14:15:00 PM
134,150,13:15:00 PM,17:15:00 PM
135,44,12:15:00 PM,14:15:00 PM
136,111,08:15:00 AM,12:15:00 PM
137,189,14:00:00 PM,16:00:00 PM
138,72,07:00:00 AM,13:00:00 PM
139,137,09:15:00 AM,11:15:00 AM
140,153,12:15:00 PM,16:15:00 PM
141,112,13:00:00 PM,17:00:00 PM
142,92,09:45:00 AM,13:45:00 PM
143,187,10:45:00 AM,16:45:00 PM
144,168,10:45:00 AM,12:45:00 PM
145,128,11:15:00 AM,13:15:00 PM
146,91,08:30:00 AM,14:30:00 PM
147,212,11:30:00 AM,13:30:00 PM
148,199,11:30:00 AM,15:30:00 PM
149,186,10:30:00 AM,14:30:00 PM
150,73,10:15:00 AM,14:15:00 PM
151,130,13:00:00 PM,15:00:00 PM
152,41,13:00:00 PM,15:00:00 PM
153,71,11:15:00 AM,13:15:00 PM
154,180,09:00:00 AM,13:00:00 PM
155,59,12:30:00 PM,16:30:00 PM
156,63,08:15:00 AM,14:15:00 PM
157,165,10:15:00 AM,16:15:00 PM
158,203,11:15:00 AM,15:15:00 PM
159,129,11:00:00 AM,13:00:00 PM
160,166,07:45:00 AM,11:45:00 AM
161,113,14:15:00 PM,16:15:00 PM
162,94,09:15:00 AM,13:15:00 PM
163,140,11:45:00 AM,15:45:00 PM
164,9,08:00:00 AM,10:00:00 AM
165,151,06:30:00 AM,08:30:00 AM
166,61,13:00:00 PM,15:00:00 PM
167,104,08:45:00 AM,10:45:00 AM
168,67,12:45:00 PM,14:45:00 PM
169,139,13:15:00 PM,17:15:00 PM
170,185,13:15:00 PM,17:15:00 PM
171,50,08:30:00 AM,12:30:00 PM
172,213,08:00:00 AM,10:00:00 AM
173,106,08:30:00 AM,12:30:00 PM
174,182,11:15:00 AM,13:15:00 PM
175,38,07:45:00 AM,13:45:00 PM
176,163,12:30:00 PM,16:30:00 PM
177,34,06:30:00 AM,10:30:00 AM
178,136,13:00:00 PM,15:00:00 PM
179,88,08:15:00 AM,10:15:00 AM
180,74,07:00:00 AM,11:00:00 AM
181,210,09:45:00 AM,11:45:00 AM
182,125,07:30:00 AM,09:30:00 AM
183,222,12:45:00 PM,14:45:00 PM
184,87,14:30:00 PM,16:30:00 PM
185,36,08:30:00 AM,12:30:00 PM
186,143,14:00:00 PM,16:00:00 PM
187,60,08:15:00 AM,14:15:00 PM
188,37,08:00:00 AM,14:00:00 PM
189,6,10:00:00 AM,14:00:00 PM
190,81,10:45:00 AM,14:45:00 PM
191,25,13:30:00 PM,15:30:00 PM
192,30,09:45:00 AM,13:45:00 PM
193,173,10:00:00 AM,16:00:00 PM
194,35,13:00:00 PM,15:00:00 PM
195,179,08:45:00 AM,14:45:00 PM
196,98,07:15:00 AM,09:15:00 AM
197,11,10:30:00 AM,14:30:00 PM
198,101,12:00:00 PM,14:00:00 PM
199,46,15:15:00 PM,17:15:00 PM
200,225,10:15:00 AM,12:15:00 PM
201,215,12:45:00 PM,16:45:00 PM
202,64,09:15:00 AM,13:15:00 PM
203,65,12:45:00 PM,14:45:00 PM
204,52,13:45:00 PM,15:45:00 PM
205,170,13:15:00 PM,17:15:00 PM
206,167,13:15:00 PM,15:15:00 PM
207,194,08:45:00 AM,14:45:00 PM
208,83,07:15:00 AM,09:15:00 AM
209,172,07:45:00 AM,11:45:00 AM
210,66,15:15:00 PM,17:15:00 PM
211,39,13:45:00 PM,15:45:00 PM
212,157,08:00:00 AM,10:00:00 AM
213,190,14:45:00 PM,16:45:00 PM
214,80,07:30:00 AM,11:30:00 AM
215,33,08:30:00 AM,10:30:00 AM
216,55,15:15:00 PM,17:15:00 PM
217,214,13:45:00 PM,15:45:00 PM
218,17,15:00:00 PM,17:00:00 PM
219,162,13:30:00 PM,15:30:00 PM
220,127,11:15:00 AM,15:15:00 PM
221,132,13:45:00 PM,15:45:00 PM
222,147,14:00:00 PM,16:00:00 PM
223,26,07:15:00 AM,13:15:00 PM
224,100,11:00:00 AM,17:00:00 PM
